1.020555555555555571e+01
1.353333333333333321e+01
1.654611111111110944e+01
1.846222222222222342e+01
1.924500000000000099e+01
2.378444444444444272e+01
3.104611111111110944e+01
3.997555555555555884e+01
5.057777777777777573e+01
5.971833333333333371e+01
7.075611111111111029e+01
8.238166666666666060e+01
9.265722222222221660e+01
1.055533333333333275e+02
1.112172222222222189e+02
1.170250000000000057e+02
1.160683333333333280e+02
1.133394444444444389e+02
1.091577777777777811e+02
1.042044444444444480e+02
9.625555555555555998e+01
8.844111111111111256e+01
8.060444444444443945e+01
7.334166666666666856e+01
6.636611111111110972e+01
5.421000000000000085e+01
4.049777777777777743e+01
3.054444444444444429e+01
1.417055555555555557e+01
1.753722222222222271e+01
2.182444444444444542e+01
2.586777777777777843e+01
2.887777777777777644e+01
3.773555555555555685e+01
4.874944444444444258e+01
6.157444444444444542e+01
7.605777777777777260e+01
8.903111111111111597e+01
1.031572222222222166e+02
1.166511111111111063e+02
1.290122222222222206e+02
1.398883333333333212e+02
1.462211111111110995e+02
1.501216666666666697e+02
1.502972222222222172e+02
1.468244444444444525e+02
1.404166666666666572e+02
1.345322222222222308e+02
1.249338888888888874e+02
1.159738888888888937e+02
1.069038888888888863e+02
9.568111111111110745e+01
8.477777777777777146e+01
7.070555555555554861e+01
5.445055555555555316e+01
4.237333333333333485e+01
1.778388888888888886e+01
2.260166666666666657e+01
2.848388888888888815e+01
3.542999999999999972e+01
4.021055555555555827e+01
5.154500000000000171e+01
6.578777777777777658e+01
8.143944444444444741e+01
9.705833333333333712e+01
1.129627777777777737e+02
1.273061111111111074e+02
1.418638888888888800e+02
1.528794444444444309e+02
1.622911111111111211e+02
1.663311111111111131e+02
1.703000000000000114e+02
1.687355555555555497e+02
1.652011111111111177e+02
1.593966666666666754e+02
1.519194444444444514e+02
1.433844444444444548e+02
1.332216666666666640e+02
1.247205555555555492e+02
1.116877777777777823e+02
9.947388888888889369e+01
8.402444444444444116e+01
6.670555555555554861e+01
5.168611111111111001e+01
2.058333333333333215e+01
2.681944444444444287e+01
3.418833333333333258e+01
4.254999999999999716e+01
5.027111111111111086e+01
6.464944444444444116e+01
8.239166666666666572e+01
9.783666666666667311e+01
1.146216666666666697e+02
1.302050000000000125e+02
1.439816666666666549e+02
1.577933333333333223e+02
1.666122222222222149e+02
1.745422222222222217e+02
1.798572222222222194e+02
1.814138888888888914e+02
1.790083333333333258e+02
1.761394444444444503e+02
1.707577777777777897e+02
1.634633333333333383e+02
1.560250000000000057e+02
1.455433333333333223e+02
1.354477777777777874e+02
1.229455555555555577e+02
1.104844444444444491e+02
9.521500000000000341e+01
7.577777777777777146e+01
5.916166666666666885e+01
1.719000000000000128e+01
2.477055555555555699e+01
3.377111111111111086e+01
4.514000000000000057e+01
5.835000000000000142e+01
7.417611111111111200e+01
9.128277777777778113e+01
1.070777777777777828e+02
1.242944444444444514e+02
1.393838888888888903e+02
1.524138888888888914e+02
1.617988888888888823e+02
1.701638888888888914e+02
1.767100000000000080e+02
1.798277777777777828e+02
1.793705555555555691e+02
1.761527777777777715e+02
1.713361111111111086e+02
1.678294444444444480e+02
1.626894444444444332e+02
1.563788888888888948e+02
1.460427777777777862e+02
1.360938888888888982e+02
1.239055555555555515e+02
1.103822222222222251e+02
9.394666666666667254e+01
7.220388888888888346e+01
4.678388888888888886e+01
1.442500000000000071e+01
2.214777777777777601e+01
3.440500000000000114e+01
4.924555555555555486e+01
6.394666666666666544e+01
7.977277777777777601e+01
9.610222222222222399e+01
1.112972222222222172e+02
1.249005555555555560e+02
1.359205555555555520e+02
1.411999999999999886e+02
1.455927777777777692e+02
1.511644444444444559e+02
1.544944444444444400e+02
1.552022222222222183e+02
1.516572222222222308e+02
1.493205555555555577e+02
1.438666666666666742e+02
1.407177777777777692e+02
1.389433333333333280e+02
1.361444444444444457e+02
1.310727777777777874e+02
1.251149999999999949e+02
1.182038888888888835e+02
1.065877777777777737e+02
9.026000000000000512e+01
6.646555555555555372e+01
3.944222222222222030e+01
1.322055555555555628e+01
2.218444444444444485e+01
3.709444444444444144e+01
5.339000000000000057e+01
7.102333333333332632e+01
8.473499999999999943e+01
9.837333333333333485e+01
1.129583333333333286e+02
1.221755555555555617e+02
1.246188888888888897e+02
1.253022222222222268e+02
1.259688888888888840e+02
1.266833333333333371e+02
1.280594444444444377e+02
1.245600000000000023e+02
1.213788888888888948e+02
1.184661111111111040e+02
1.158449999999999989e+02
1.148166666666666629e+02
1.139994444444444497e+02
1.167261111111111092e+02
1.188533333333333388e+02
1.170427777777777720e+02
1.145922222222222189e+02
1.052399999999999949e+02
8.958777777777777374e+01
6.445166666666666799e+01
3.756499999999999773e+01
1.322000000000000064e+01
2.434611111111111015e+01
3.954222222222222172e+01
5.693222222222222229e+01
7.379000000000000625e+01
8.880777777777777260e+01
1.026933333333333280e+02
1.141683333333333366e+02
1.164355555555555526e+02
1.165466666666666669e+02
1.137838888888888818e+02
1.119794444444444395e+02
1.100661111111111126e+02
1.100716666666666725e+02
1.078377777777777737e+02
1.052533333333333303e+02
1.041861111111111171e+02
1.006822222222222223e+02
1.012877777777777766e+02
1.056727777777777817e+02
1.071255555555555503e+02
1.099205555555555520e+02
1.109877777777777794e+02
1.127883333333333269e+02
1.031877777777777823e+02
8.689666666666666117e+01
6.303444444444444628e+01
3.678833333333333400e+01
1.308000000000000007e+01
2.632999999999999829e+01
4.202277777777777601e+01
6.068999999999999773e+01
7.680666666666667197e+01
9.260388888888888914e+01
1.065133333333333354e+02
1.127199999999999989e+02
1.106677777777777720e+02
1.094272222222222268e+02
1.056755555555555617e+02
1.022033333333333331e+02
9.996999999999999886e+01
1.001177777777777749e+02
9.798555555555554974e+01
9.430888888888888744e+01
9.394833333333333769e+01
9.235777777777778397e+01
9.632166666666667254e+01
9.972111111111111370e+01
1.009300000000000068e+02
1.028400000000000034e+02
1.090361111111111114e+02
1.119755555555555588e+02
1.013149999999999977e+02
8.226388888888888573e+01
5.959333333333333371e+01
3.370388888888889056e+01
1.283000000000000007e+01
2.629166666666666785e+01
4.396833333333333371e+01
6.256666666666666998e+01
7.910555555555555429e+01
9.596999999999999886e+01
1.083933333333333309e+02
1.092483333333333348e+02
1.065205555555555605e+02
1.042572222222222251e+02
1.000366666666666617e+02
9.565055555555555600e+01
9.321055555555555827e+01
9.416222222222222626e+01
9.086666666666666003e+01
8.700944444444444059e+01
8.619888888888888800e+01
8.800166666666666515e+01
9.164722222222222570e+01
9.533055555555554861e+01
9.692888888888889198e+01
1.000783333333333331e+02
1.074449999999999932e+02
1.111594444444444463e+02
1.003900000000000006e+02
8.112277777777778454e+01
5.817611111111111200e+01
3.186444444444444457e+01
1.332833333333333314e+01
2.647277777777777885e+01
4.669555555555555770e+01
6.447722222222222399e+01
8.066055555555556111e+01
9.844444444444444287e+01
1.067650000000000006e+02
1.060616666666666674e+02
1.034783333333333388e+02
1.004322222222222223e+02
9.597055555555554918e+01
9.030333333333332746e+01
8.853277777777778113e+01
8.809944444444444400e+01
8.367666666666666231e+01
8.112888888888889483e+01
8.190833333333333144e+01
8.452666666666667084e+01
8.587388888888888516e+01
9.065055555555555600e+01
9.441166666666666174e+01
9.723999999999999488e+01
1.047900000000000063e+02
1.085011111111111148e+02
9.843999999999999773e+01
7.981388888888888289e+01
5.807222222222222285e+01
3.002333333333333343e+01
1.411055555555555507e+01
2.803000000000000114e+01
4.857666666666666799e+01
6.766333333333332689e+01
8.360222222222222399e+01
1.000388888888888914e+02
1.052844444444444463e+02
1.023444444444444485e+02
1.009961111111111052e+02
9.660722222222221944e+01
9.193055555555555713e+01
8.761222222222222911e+01
8.609166666666666856e+01
8.208333333333332860e+01
7.974555555555555486e+01
7.801611111111111541e+01
7.815388888888888630e+01
8.067222222222221717e+01
8.190777777777778113e+01
8.806999999999999318e+01
9.225277777777777999e+01
9.738333333333333997e+01
1.016299999999999955e+02
1.052416666666666600e+02
9.528666666666666174e+01
7.839388888888889539e+01
5.545111111111111057e+01
2.704833333333333201e+01
1.354055555555555479e+01
2.987500000000000000e+01
5.052388888888889085e+01
7.025499999999999545e+01
8.771166666666667311e+01
1.013138888888888829e+02
1.042555555555555600e+02
1.008283333333333331e+02
9.876500000000000057e+01
9.300166666666666515e+01
8.821388888888888857e+01
8.431833333333332803e+01
8.163111111111111029e+01
7.804777777777778169e+01
7.708666666666667311e+01
7.606611111111111256e+01
7.695388888888888346e+01
7.723944444444444457e+01
8.038166666666666060e+01
8.630277777777777715e+01
9.090388888888888630e+01
9.621722222222221887e+01
1.017366666666666646e+02
1.042838888888888818e+02
9.319777777777777317e+01
7.665833333333333144e+01
5.184277777777777629e+01
2.365055555555555600e+01
1.308222222222222264e+01
3.100555555555555642e+01
5.144388888888888545e+01
7.124222222222222456e+01
8.948111111111110461e+01
1.016361111111111057e+02
1.040072222222222251e+02
1.003611111111111143e+02
9.621500000000000341e+01
9.115611111111111597e+01
8.608166666666666345e+01
8.201000000000000512e+01
7.910944444444444912e+01
7.574111111111110972e+01
7.556333333333333258e+01
7.596055555555555827e+01
7.623944444444444457e+01
7.716111111111111143e+01
8.183611111111110858e+01
8.768500000000000227e+01
9.249611111111110517e+01
9.639555555555556055e+01
1.016294444444444451e+02
1.028683333333333394e+02
9.217055555555555202e+01
7.361111111111111427e+01
4.787444444444444258e+01
2.176555555555555443e+01
1.403722222222222271e+01
3.292055555555555202e+01
5.215055555555555600e+01
7.255388888888889198e+01
9.132666666666666799e+01
1.011455555555555605e+02
1.014216666666666669e+02
9.936555555555555941e+01
9.448499999999999943e+01
9.012722222222221546e+01
8.523555555555554974e+01
8.204833333333333201e+01
7.804222222222222172e+01
7.677222222222222570e+01
7.694777777777777317e+01
7.701777777777778056e+01
7.610111111111110915e+01
7.829388888888888687e+01
8.420999999999999375e+01
9.019666666666667254e+01
9.256499999999999773e+01
9.642777777777777715e+01
1.007866666666666617e+02
9.992777777777777715e+01
8.987000000000000455e+01
7.060222222222222399e+01
4.550000000000000000e+01
2.063222222222222157e+01
1.581055555555555614e+01
3.387555555555555742e+01
5.349722222222222001e+01
7.456777777777777771e+01
9.302222222222222570e+01
1.017761111111111063e+02
1.013522222222222240e+02
9.990111111111110631e+01
9.519388888888889255e+01
9.096944444444444855e+01
8.420777777777777828e+01
8.088333333333333997e+01
7.737666666666666515e+01
7.949722222222222001e+01
7.932111111111110802e+01
7.978611111111111143e+01
7.896888888888888403e+01
8.127055555555556055e+01
8.750000000000000000e+01
9.111277777777777942e+01
9.419388888888889255e+01
9.695833333333332860e+01
9.834055555555555372e+01
9.723555555555554974e+01
8.562000000000000455e+01
6.635333333333333883e+01
4.263166666666666771e+01
1.864777777777777601e+01
1.669555555555555415e+01
3.543277777777777970e+01
5.566222222222221916e+01
7.782944444444444798e+01
9.493444444444443775e+01
1.022033333333333331e+02
1.019894444444444446e+02
1.003949999999999960e+02
9.455777777777777260e+01
9.087111111111110517e+01
8.392555555555556168e+01
8.130611111111110745e+01
7.964388888888889539e+01
8.122833333333333883e+01
8.173166666666666913e+01
8.247055555555554918e+01
8.403000000000000114e+01
8.668944444444444741e+01
9.273888888888889426e+01
9.426833333333333087e+01
9.568444444444443775e+01
9.613888888888888573e+01
9.465722222222221660e+01
9.376611111111111541e+01
8.154666666666666686e+01
6.274444444444444713e+01
4.177888888888888630e+01
1.875333333333333385e+01
1.804388888888889042e+01
3.635277777777777430e+01
5.809833333333333627e+01
7.981388888888888289e+01
9.540333333333333599e+01
1.014599999999999937e+02
1.025544444444444423e+02
9.890666666666666629e+01
9.420222222222221831e+01
9.030222222222222683e+01
8.501999999999999602e+01
8.353277777777778113e+01
8.477166666666666117e+01
8.399222222222222456e+01
8.615555555555555145e+01
8.799888888888888516e+01
9.037111111111110517e+01
9.253888888888889142e+01
9.749222222222222456e+01
9.752277777777777601e+01
9.600388888888889483e+01
9.476111111111110574e+01
9.246055555555555827e+01
8.987555555555555031e+01
7.789777777777777601e+01
6.093722222222222484e+01
4.071222222222222342e+01
2.002833333333333243e+01
1.850833333333333286e+01
3.759611111111111370e+01
6.110944444444444201e+01
8.108499999999999375e+01
9.571500000000000341e+01
1.020616666666666674e+02
1.023066666666666720e+02
9.883888888888888857e+01
9.554166666666667140e+01
9.224666666666666970e+01
8.814555555555556055e+01
8.781777777777777771e+01
8.941277777777777658e+01
9.019722222222222285e+01
9.437666666666666515e+01
9.572388888888889369e+01
9.798888888888889426e+01
1.003961111111111109e+02
1.033677777777777749e+02
1.005349999999999966e+02
9.734722222222222854e+01
9.512000000000000455e+01
8.860444444444443945e+01
8.654388888888888687e+01
7.520722222222222797e+01
5.877055555555555344e+01
3.993333333333333002e+01
2.098722222222222200e+01
1.875666666666666771e+01
3.936277777777777942e+01
6.291666666666666430e+01
8.175333333333333030e+01
9.564222222222221603e+01
1.011400000000000006e+02
1.019194444444444514e+02
1.001449999999999960e+02
9.695722222222222797e+01
9.536222222222222911e+01
9.185999999999999943e+01
9.271111111111110858e+01
9.412944444444444514e+01
9.650222222222221546e+01
1.020988888888888937e+02
1.055672222222222274e+02
1.071633333333333269e+02
1.085400000000000063e+02
1.075455555555555520e+02
1.050672222222222274e+02
1.001466666666666612e+02
9.487055555555555486e+01
8.647722222222222399e+01
8.395888888888889312e+01
7.400222222222221546e+01
5.806388888888888999e+01
3.983111111111111313e+01
2.105666666666666842e+01
1.851055555555555543e+01
3.968611111111111001e+01
6.299111111111110972e+01
8.342055555555555202e+01
9.561388888888889426e+01
1.026605555555555611e+02
1.012811111111111160e+02
1.006444444444444457e+02
9.791722222222222172e+01
9.767000000000000171e+01
9.742277777777778169e+01
1.003961111111111109e+02
1.028405555555555537e+02
1.044350000000000023e+02
1.110983333333333292e+02
1.134338888888888874e+02
1.121194444444444400e+02
1.144866666666666646e+02
1.112327777777777840e+02
1.092138888888888886e+02
1.025199999999999960e+02
9.487333333333333485e+01
8.697388888888889369e+01
8.326055555555555543e+01
7.450166666666666515e+01
5.933722222222222342e+01
4.198777777777777942e+01
2.251166666666666671e+01
1.946555555555555728e+01
4.195444444444444088e+01
6.536611111111110972e+01
8.501888888888889539e+01
9.621333333333333826e+01
1.017450000000000045e+02
1.019833333333333343e+02
1.012077777777777783e+02
1.012455555555555549e+02
1.021322222222222251e+02
1.032994444444444468e+02
1.054227777777777817e+02
1.089355555555555526e+02
1.138888888888888857e+02
1.197327777777777840e+02
1.183527777777777743e+02
1.179261111111111120e+02
1.197661111111111154e+02
1.154788888888888891e+02
1.102061111111111131e+02
1.028711111111111052e+02
9.504944444444444684e+01
9.005444444444444230e+01
8.662388888888888516e+01
7.708777777777777374e+01
6.294944444444444542e+01
4.538777777777777800e+01
2.619277777777777771e+01
2.134277777777777629e+01
4.358500000000000085e+01
6.702388888888889085e+01
8.550944444444444059e+01
9.649277777777777487e+01
1.001466666666666612e+02
1.005383333333333269e+02
1.029099999999999966e+02
1.040400000000000063e+02
1.049650000000000034e+02
1.068733333333333348e+02
1.087222222222222285e+02
1.130422222222222217e+02
1.205477777777777817e+02
1.229572222222222280e+02
1.227105555555555583e+02
1.218611111111111143e+02
1.208283333333333331e+02
1.168294444444444480e+02
1.106605555555555611e+02
1.013527777777777743e+02
9.497111111111111370e+01
9.122777777777777430e+01
8.991166666666666174e+01
8.105444444444444230e+01
6.660222222222222399e+01
4.924722222222222001e+01
2.902777777777777857e+01
2.286166666666666814e+01
4.510555555555555429e+01
6.773388888888888459e+01
8.526666666666666572e+01
9.525555555555555998e+01
9.678388888888888175e+01
9.805555555555555713e+01
1.022694444444444457e+02
1.059161111111111069e+02
1.076922222222222274e+02
1.092838888888888818e+02
1.132533333333333303e+02
1.183516666666666595e+02
1.245811111111111131e+02
1.266055555555555543e+02
1.243355555555555583e+02
1.233483333333333292e+02
1.208622222222222291e+02
1.160138888888888857e+02
1.088250000000000028e+02
1.015288888888888863e+02
9.553833333333332689e+01
9.571999999999999886e+01
9.408777777777777374e+01
8.579999999999999716e+01
7.021222222222222342e+01
5.307388888888888800e+01
3.242722222222221973e+01
2.414277777777777700e+01
4.871999999999999886e+01
6.847944444444443945e+01
8.568777777777778226e+01
9.540055555555555600e+01
9.452333333333332632e+01
9.490611111111111597e+01
9.962111111111110517e+01
1.021288888888888948e+02
1.055333333333333314e+02
1.085422222222222217e+02
1.138166666666666629e+02
1.190272222222222211e+02
1.232788888888888863e+02
1.258627777777777794e+02
1.220722222222222229e+02
1.217477777777777845e+02
1.180333333333333314e+02
1.117300000000000040e+02
1.054266666666666623e+02
1.013138888888888829e+02
9.643000000000000682e+01
9.752722222222222115e+01
9.805277777777777715e+01
9.004888888888888232e+01
7.333222222222222797e+01
5.516222222222221916e+01
3.370555555555555571e+01
2.736277777777777942e+01
5.158944444444444599e+01
7.099277777777777487e+01
8.781388888888888289e+01
9.713388888888889028e+01
9.200388888888889483e+01
9.242222222222221717e+01
9.511833333333333940e+01
9.752611111111110631e+01
1.014927777777777749e+02
1.058900000000000006e+02
1.118050000000000068e+02
1.163711111111111052e+02
1.214350000000000023e+02
1.217855555555555611e+02
1.194494444444444383e+02
1.185277777777777715e+02
1.126877777777777823e+02
1.084683333333333337e+02
1.043283333333333331e+02
1.013522222222222240e+02
9.795611111111111313e+01
1.003283333333333331e+02
1.027372222222222291e+02
9.369944444444443832e+01
7.690944444444444628e+01
5.679777777777777459e+01
3.345666666666666345e+01
2.942333333333333201e+01
5.370833333333333570e+01
7.240888888888888175e+01
8.851888888888889539e+01
9.462055555555555486e+01
8.860833333333333428e+01
8.683166666666666345e+01
9.079722222222221717e+01
9.362999999999999545e+01
9.748999999999999488e+01
1.025227777777777760e+02
1.076905555555555623e+02
1.121511111111111063e+02
1.185966666666666640e+02
1.177833333333333314e+02
1.170805555555555486e+02
1.151650000000000063e+02
1.085355555555555611e+02
1.040438888888888869e+02
1.002205555555555492e+02
9.845111111111111768e+01
9.816944444444445139e+01
1.025594444444444377e+02
1.067705555555555605e+02
9.695388888888888346e+01
8.009277777777778340e+01
5.842944444444444230e+01
3.363833333333333542e+01
3.080333333333333456e+01
5.704055555555555657e+01
7.421500000000000341e+01
8.678777777777777658e+01
9.196611111111110404e+01
8.417833333333332746e+01
8.360722222222221944e+01
8.559055555555555372e+01
8.920222222222221831e+01
9.387722222222221546e+01
9.611055555555554974e+01
1.021311111111111103e+02
1.060261111111111063e+02
1.122205555555555492e+02
1.128272222222222183e+02
1.103177777777777777e+02
1.087155555555555537e+02
1.037894444444444417e+02
9.964888888888889085e+01
9.848222222222221944e+01
9.742277777777778169e+01
9.788222222222222513e+01
1.029505555555555532e+02
1.064872222222222291e+02
9.851500000000000057e+01
8.115777777777778113e+01
5.963333333333333286e+01
3.402666666666666373e+01
3.307111111111110802e+01
5.969555555555555770e+01
7.534611111111111370e+01
8.650277777777777999e+01
9.101444444444445026e+01
8.307777777777778283e+01
8.126555555555555088e+01
8.179500000000000171e+01
8.572611111111110915e+01
8.814000000000000057e+01
9.133166666666666345e+01
9.724444444444444002e+01
1.012461111111111052e+02
1.064888888888888943e+02
1.063122222222222177e+02
1.049311111111111074e+02
1.028405555555555537e+02
1.003211111111111080e+02
9.724166666666666003e+01
9.699888888888888516e+01
9.706611111111111256e+01
9.809555555555554918e+01
1.030183333333333309e+02
1.078299999999999983e+02
9.787666666666666515e+01
8.080277777777777715e+01
6.030166666666666941e+01
3.455555555555555713e+01
3.520444444444444088e+01
6.118166666666666487e+01
7.605055555555556168e+01
8.615000000000000568e+01
8.817833333333332746e+01
8.031555555555556225e+01
7.740666666666666629e+01
7.903333333333333144e+01
8.204500000000000171e+01
8.381388888888888289e+01
8.887944444444444514e+01
9.412166666666666970e+01
9.830833333333333712e+01
1.015944444444444485e+02
9.986833333333333940e+01
1.002222222222222285e+02
9.940444444444445082e+01
9.801777777777778056e+01
9.650555555555555998e+01
9.603833333333332689e+01
9.490666666666666629e+01
9.784944444444444400e+01
1.035916666666666686e+02
1.077600000000000051e+02
9.854777777777778169e+01
8.084166666666666856e+01
6.051666666666666572e+01
3.462777777777777999e+01
3.715222222222222115e+01
6.366277777777777658e+01
7.746777777777778340e+01
8.689055555555555088e+01
8.771444444444443889e+01
7.744499999999999318e+01
7.499833333333333485e+01
7.715555555555555145e+01
7.939166666666666572e+01
8.094944444444443832e+01
8.530888888888888744e+01
9.110944444444444912e+01
9.532833333333333314e+01
9.656777777777777771e+01
9.614944444444444116e+01
9.596999999999999886e+01
9.434166666666666856e+01
9.473000000000000398e+01
9.480055555555556168e+01
9.356444444444444741e+01
9.193388888888888744e+01
9.710500000000000398e+01
1.038327777777777783e+02
1.087533333333333303e+02
9.939666666666666117e+01
8.115944444444444628e+01
5.994944444444444542e+01
3.406111111111111001e+01
3.871222222222222342e+01
6.532388888888888800e+01
7.785444444444443945e+01
8.738444444444444059e+01
8.856388888888888289e+01
7.734333333333333371e+01
7.580888888888888744e+01
7.629999999999999716e+01
7.687500000000000000e+01
7.889499999999999602e+01
8.204444444444445139e+01
8.718277777777777260e+01
8.881388888888888289e+01
9.058111111111111313e+01
9.026611111111111541e+01
9.047888888888888914e+01
9.005722222222222229e+01
9.157500000000000284e+01
9.228055555555555145e+01
9.083444444444444343e+01
9.253333333333333144e+01
9.615055555555555600e+01
1.022783333333333360e+02
1.088633333333333297e+02
9.812611111111111484e+01
7.920611111111111313e+01
5.782055555555555770e+01
3.182833333333333314e+01
4.189611111111111086e+01
6.829888888888888232e+01
8.058333333333332860e+01
8.940388888888888630e+01
8.984000000000000341e+01
7.829611111111111654e+01
7.410944444444444912e+01
7.205444444444444230e+01
7.110055555555555884e+01
7.464277777777778056e+01
7.850555555555555998e+01
8.207944444444444798e+01
8.307277777777777317e+01
8.600944444444444059e+01
8.591055555555556111e+01
8.704444444444445139e+01
8.629777777777778169e+01
8.743277777777777260e+01
8.824111111111110972e+01
8.884999999999999432e+01
9.040777777777778113e+01
9.434222222222221887e+01
1.007522222222222155e+02
1.090733333333333377e+02
9.766555555555555657e+01
7.871388888888888857e+01
5.721999999999999886e+01
3.108666666666666600e+01
4.157555555555555316e+01
6.798000000000000398e+01
8.217666666666666231e+01
9.117666666666666231e+01
9.115666666666666629e+01
8.053111111111111597e+01
7.276055555555555543e+01
6.928888888888889142e+01
6.975333333333333030e+01
7.081166666666666742e+01
7.330166666666666231e+01
7.499555555555555486e+01
7.853944444444444173e+01
8.307277777777777317e+01
8.187055555555555486e+01
8.229777777777778169e+01
8.268666666666666742e+01
8.378888888888889142e+01
8.601277777777777089e+01
8.739333333333333087e+01
8.920666666666666345e+01
9.366666666666667140e+01
9.997611111111110915e+01
1.077605555555555554e+02
9.674222222222222456e+01
7.807277777777777317e+01
5.636611111111110972e+01
3.023166666666666558e+01
4.135999999999999943e+01
6.887000000000000455e+01
8.366777777777777203e+01
9.255666666666667197e+01
9.193333333333333712e+01
8.031111111111111711e+01
7.106000000000000227e+01
6.741222222222222626e+01
6.851888888888889539e+01
6.812833333333333030e+01
6.855277777777777715e+01
7.173444444444444912e+01
7.581444444444444741e+01
7.835999999999999943e+01
7.666777777777777203e+01
7.818999999999999773e+01
7.839833333333332632e+01
8.112833333333333030e+01
8.406666666666666288e+01
8.428111111111111597e+01
8.767666666666666231e+01
9.189722222222222570e+01
1.002916666666666714e+02
1.075116666666666703e+02
9.497277777777777885e+01
7.694055555555556225e+01
5.516666666666666430e+01
2.853166666666666629e+01
4.153444444444444628e+01
6.841222222222222626e+01
8.511944444444444002e+01
9.535777777777778397e+01
9.296222222222222342e+01
7.960166666666667368e+01
7.053222222222221660e+01
6.706222222222221774e+01
6.656611111111111256e+01
6.465166666666667084e+01
6.500888888888889028e+01
6.755777777777777260e+01
6.990111111111110631e+01
7.375833333333333997e+01
7.333611111111110858e+01
7.531611111111111256e+01
7.666722222222222172e+01
8.042000000000000171e+01
8.212111111111110517e+01
8.335722222222221944e+01
8.583555555555555827e+01
9.118833333333333258e+01
1.010388888888888914e+02
1.049605555555555583e+02
9.249222222222222456e+01
7.517222222222221717e+01
5.438722222222222058e+01
2.970444444444444443e+01
4.093777777777777516e+01
6.904888888888888232e+01
8.674888888888888516e+01
9.751444444444445026e+01
9.215277777777777146e+01
7.761888888888888971e+01
6.848277777777778397e+01
6.405166666666666231e+01
6.174833333333333485e+01
6.064777777777777601e+01
6.156944444444444287e+01
6.401722222222221603e+01
6.678388888888888175e+01
7.000166666666666515e+01
7.110555555555555429e+01
7.347499999999999432e+01
7.574611111111110517e+01
7.875722222222222513e+01
8.098888888888889426e+01
8.240611111111111597e+01
8.513388888888889028e+01
9.080055555555556168e+01
1.008938888888888954e+02
1.026588888888888818e+02
9.110888888888888459e+01
7.350444444444444514e+01
5.328722222222221916e+01
2.927666666666666728e+01
3.966611111111111398e+01
6.997055555555554918e+01
8.781222222222221774e+01
9.786833333333333940e+01
9.165388888888888630e+01
7.507111111111110802e+01
6.744944444444443832e+01
6.135833333333333428e+01
5.817222222222222427e+01
5.721833333333333371e+01
5.796000000000000085e+01
6.121999999999999886e+01
6.387666666666666515e+01
6.681611111111111256e+01
6.887333333333333485e+01
7.227500000000000568e+01
7.464499999999999602e+01
7.797722222222222399e+01
8.067166666666666686e+01
8.286611111111110972e+01
8.594555555555555770e+01
9.150944444444444059e+01
1.007849999999999966e+02
1.009261111111111120e+02
8.795888888888889312e+01
7.134444444444444855e+01
5.169444444444444287e+01
2.761111111111111072e+01
4.104388888888888687e+01
7.145944444444444343e+01
9.043555555555555259e+01
9.978055555555555145e+01
9.175333333333333030e+01
7.468333333333333712e+01
6.706111111111111711e+01
6.022500000000000142e+01
5.586833333333333229e+01
5.451944444444444571e+01
5.633055555555555571e+01
5.859388888888889113e+01
6.118444444444444485e+01
6.554388888888888687e+01
6.731111111111111711e+01
7.248722222222222911e+01
7.613055555555555998e+01
7.861166666666666458e+01
8.258277777777777828e+01
8.679388888888888687e+01
8.931111111111111711e+01
9.438055555555555998e+01
1.007849999999999966e+02
9.961277777777777942e+01
8.607888888888888346e+01
6.935888888888888459e+01
4.924611111111111228e+01
2.714999999999999858e+01
4.409777777777777885e+01
7.365722222222221660e+01
9.263333333333333997e+01
1.028633333333333297e+02
9.671500000000000341e+01
7.695222222222221831e+01
6.592666666666666231e+01
5.933833333333333115e+01
5.402499999999999858e+01
5.420277777777777573e+01
5.505444444444444230e+01
5.707500000000000284e+01
5.934499999999999886e+01
6.472555555555555884e+01
6.802611111111110631e+01
7.616500000000000625e+01
7.754944444444444684e+01
8.162222222222222001e+01
8.775333333333333030e+01
9.051444444444445026e+01
9.363166666666666060e+01
9.880444444444444230e+01
1.002566666666666606e+02
9.702388888888889085e+01
8.246500000000000341e+01
6.528944444444444173e+01
4.383055555555555571e+01
2.356722222222222385e+01
4.735000000000000142e+01
7.793888888888888289e+01
9.553499999999999659e+01
1.064072222222222166e+02
1.000755555555555532e+02
8.081333333333333258e+01
6.635500000000000398e+01
5.856222222222222484e+01
5.349388888888888971e+01
5.409555555555555628e+01
5.448722222222222200e+01
5.470444444444444088e+01
5.916611111111111398e+01
6.522444444444444400e+01
7.121222222222222342e+01
7.872111111111111370e+01
8.070444444444444798e+01
8.661944444444444002e+01
9.310222222222222399e+01
9.497277777777777885e+01
9.859166666666666856e+01
1.010666666666666629e+02
1.012061111111111131e+02
9.433111111111111313e+01
7.942277777777778169e+01
6.057888888888889056e+01
3.986388888888888715e+01
2.076999999999999957e+01
4.958055555555555571e+01
8.087888888888889483e+01
9.815722222222221660e+01
1.108355555555555583e+02
1.050377777777777766e+02
8.474555555555555486e+01
6.699722222222222001e+01
5.986944444444444713e+01
5.530166666666666941e+01
5.491277777777777658e+01
5.448722222222222200e+01
5.679111111111111398e+01
6.189555555555555344e+01
6.919111111111111256e+01
7.528499999999999659e+01
8.027833333333333599e+01
8.612500000000000000e+01
9.345277777777778283e+01
9.844777777777777317e+01
9.982833333333333314e+01
1.045705555555555577e+02
1.030511111111111120e+02
1.005361111111111114e+02
9.000722222222222513e+01
7.400388888888889483e+01
5.427333333333333343e+01
3.638666666666666316e+01
1.779277777777777914e+01
5.322833333333333172e+01
8.448888888888889426e+01
1.034322222222222223e+02
1.163949999999999960e+02
1.114833333333333343e+02
8.966666666666667140e+01
7.007388888888888800e+01
6.203277777777778113e+01
5.725000000000000000e+01
5.593666666666666742e+01
5.569055555555555515e+01
5.870222222222222541e+01
6.564722222222222570e+01
7.280555555555555713e+01
7.871666666666666856e+01
8.601166666666667027e+01
9.416722222222222172e+01
1.006438888888888954e+02
1.051083333333333343e+02
1.069488888888888880e+02
1.093149999999999977e+02
1.064111111111111114e+02
9.805333333333332746e+01
8.721222222222222342e+01
6.922055555555554918e+01
4.963222222222222513e+01
3.231499999999999773e+01
1.534888888888888836e+01
5.585111111111110915e+01
8.715166666666667084e+01
1.086394444444444503e+02
1.206477777777777760e+02
1.184911111111111097e+02
9.830555555555555713e+01
7.864722222222222570e+01
6.833444444444444343e+01
6.178944444444444173e+01
6.047166666666666401e+01
5.976444444444444315e+01
6.476333333333333542e+01
7.113722222222222058e+01
7.882277777777777317e+01
8.509444444444444855e+01
9.451222222222222058e+01
1.016372222222222206e+02
1.080138888888888857e+02
1.139333333333333371e+02
1.148377777777777737e+02
1.138883333333333354e+02
1.089650000000000034e+02
9.659944444444444400e+01
8.324944444444444969e+01
6.359388888888889113e+01
4.488888888888888573e+01
2.718111111111111100e+01
1.329222222222222172e+01
5.588055555555555287e+01
8.962444444444444969e+01
1.116161111111111097e+02
1.249627777777777737e+02
1.251177777777777749e+02
1.073777777777777800e+02
9.043833333333333258e+01
7.853722222222222626e+01
7.010666666666666913e+01
6.745333333333333314e+01
6.794888888888888800e+01
7.386944444444444002e+01
8.062777777777777999e+01
8.853055555555555145e+01
9.554222222222222172e+01
1.042600000000000051e+02
1.114155555555555566e+02
1.197661111111111154e+02
1.221788888888888920e+02
1.216477777777777760e+02
1.180999999999999943e+02
1.069794444444444395e+02
9.369722222222222285e+01
7.775722222222222513e+01
5.870000000000000284e+01
4.138000000000000256e+01
2.310333333333333172e+01
1.158944444444444422e+01
5.482388888888888800e+01
8.772055555555554918e+01
1.109127777777777766e+02
1.265605555555555526e+02
1.303533333333333246e+02
1.192327777777777840e+02
1.025266666666666708e+02
9.111722222222222456e+01
8.460777777777778397e+01
8.287277777777778454e+01
8.301277777777777089e+01
9.098000000000000398e+01
9.945111111111111768e+01
1.055777777777777828e+02
1.117072222222222280e+02
1.195338888888888818e+02
1.253405555555555537e+02
1.291255555555555645e+02
1.297583333333333258e+02
1.262488888888888852e+02
1.183088888888888874e+02
1.061261111111111148e+02
9.220611111111111313e+01
7.393388888888888744e+01
5.611888888888888971e+01
3.855499999999999972e+01
2.285611111111111171e+01
1.244333333333333336e+01
5.464555555555555344e+01
8.740000000000000568e+01
1.126099999999999994e+02
1.291172222222222103e+02
1.359466666666666583e+02
1.312811111111111018e+02
1.220722222222222229e+02
1.147461111111111052e+02
1.120555555555555571e+02
1.137283333333333388e+02
1.167761111111111063e+02
1.247766666666666708e+02
1.298750000000000000e+02
1.328155555555555623e+02
1.358233333333333235e+02
1.398572222222222194e+02
1.405288888888889005e+02
1.390033333333333303e+02
1.349966666666666697e+02
1.257511111111111148e+02
1.150188888888888954e+02
1.031850000000000023e+02
8.812999999999999545e+01
6.957722222222221831e+01
5.494777777777778027e+01
3.766333333333333400e+01
2.523000000000000043e+01
1.587888888888888950e+01
5.492555555555555458e+01
8.325333333333333030e+01
1.091400000000000006e+02
1.283644444444444446e+02
1.390938888888888982e+02
1.427861111111110972e+02
1.445261111111111063e+02
1.470483333333333462e+02
1.499922222222222103e+02
1.544516666666666538e+02
1.583411111111111040e+02
1.614627777777777737e+02
1.625994444444444582e+02
1.624877777777777794e+02
1.605027777777777658e+02
1.574927777777777749e+02
1.519255555555555475e+02
1.436011111111111234e+02
1.338583333333333201e+02
1.220283333333333360e+02
1.099494444444444383e+02
9.535888888888888459e+01
7.835833333333333428e+01
6.414888888888889085e+01
5.027222222222222570e+01
3.808444444444444343e+01
2.809611111111111015e+01
1.949166666666666714e+01
5.399777777777777743e+01
7.765777777777778113e+01
1.024422222222222274e+02
1.216422222222222160e+02
1.343133333333333326e+02
1.441944444444444571e+02
1.526944444444444571e+02
1.588905555555555509e+02
1.639550000000000125e+02
1.675016666666666652e+02
1.694805555555555543e+02
1.696944444444444571e+02
1.696972222222222229e+02
1.671116666666666788e+02
1.627188888888888982e+02
1.562433333333333394e+02
1.452288888888888891e+02
1.339622222222222092e+02
1.218827777777777754e+02
1.110166666666666657e+02
9.709666666666666401e+01
8.207444444444443832e+01
6.903944444444444173e+01
5.469722222222222285e+01
4.456555555555555515e+01
3.648722222222222200e+01
2.926333333333333186e+01
2.331444444444444386e+01
4.694611111111110802e+01
6.614166666666666572e+01
8.906000000000000227e+01
1.083233333333333377e+02
1.207861111111111114e+02
1.309483333333333235e+02
1.421411111111111154e+02
1.504616666666666731e+02
1.562005555555555532e+02
1.593883333333333212e+02
1.622938888888888869e+02
1.620449999999999875e+02
1.610511111111111120e+02
1.575461111111111165e+02
1.500416666666666572e+02
1.397050000000000125e+02
1.278116666666666674e+02
1.161527777777777715e+02
1.024472222222222229e+02
9.019166666666666288e+01
7.793388888888888744e+01
6.695499999999999829e+01
5.455666666666666487e+01
4.549000000000000199e+01
3.971777777777777629e+01
3.361777777777777487e+01
2.873166666666666558e+01
2.363166666666666771e+01
3.454333333333333655e+01
4.903499999999999659e+01
6.858499999999999375e+01
8.856777777777777771e+01
1.005694444444444429e+02
1.118316666666666634e+02
1.219255555555555617e+02
1.317038888888888835e+02
1.396655555555555566e+02
1.449449999999999932e+02
1.472083333333333428e+02
1.460055555555555600e+02
1.430677777777777635e+02
1.378922222222222160e+02
1.267483333333333348e+02
1.153083333333333371e+02
1.037633333333333354e+02
8.995055555555555316e+01
7.882555555555555316e+01
6.649777777777778454e+01
5.690055555555555600e+01
4.882111111111110802e+01
4.198444444444444201e+01
3.666888888888888687e+01
3.373444444444444201e+01
2.890833333333333499e+01
2.497888888888888914e+01
1.938333333333333286e+01
2.186444444444444457e+01
3.206555555555555515e+01
4.613222222222222513e+01
6.165722222222222371e+01
7.231388888888888289e+01
8.350166666666666515e+01
9.278722222222222626e+01
1.011777777777777771e+02
1.083027777777777771e+02
1.136122222222222291e+02
1.149711111111111137e+02
1.141161111111111097e+02
1.099766666666666595e+02
1.034183333333333366e+02
9.215722222222221660e+01
8.177888888888888630e+01
7.040777777777778113e+01
5.751444444444444315e+01
5.099611111111111228e+01
4.394222222222222030e+01
3.625277777777777999e+01
3.320055555555555316e+01
2.983611111111111214e+01
2.891055555555555401e+01
2.671722222222222243e+01
2.366555555555555657e+01
1.916777777777777914e+01
1.325166666666666693e+01
1.201611111111111185e+01
2.027277777777777601e+01
2.841944444444444429e+01
3.728666666666666885e+01
4.370166666666666799e+01
5.205611111111111455e+01
5.939166666666666572e+01
6.675833333333333997e+01
7.115611111111111597e+01
7.271222222222222342e+01
7.342444444444444684e+01
7.328000000000000114e+01
7.044722222222222285e+01
6.814611111111111086e+01
6.081722222222222030e+01
5.053999999999999915e+01
4.143166666666666487e+01
3.462500000000000000e+01
3.147111111111111015e+01
2.803277777777777757e+01
2.462833333333333385e+01
2.313833333333333186e+01
1.952777777777777857e+01
2.069277777777777771e+01
2.080166666666666586e+01
1.828000000000000114e+01
1.364166666666666750e+01
7.622222222222221788e+00
